3 0.36826498 0.45603059 0.35286380 0.45374385 0.33987055 0.50567111 0.35117185 0.58874744 0.37537903 0.68399100 0.42156372 0.64103233 0.43779670 0.62397325 0.43981704 0.55377495 0.41157181 0.45055613 0.38631936 0.45180927
1 0.29640079 0.47234876 0.32422411 0.44533322 0.34640397 0.60994216 0.38164583 0.72880193 0.30850221 0.78911238 0.29723872 0.64430944 0.27925349 0.47878895
4 0.31888686 0.78832117 0.41332117 0.72080292 0.46943741 1.00000000 0.33736314 1.00000000
5 0.41332117 0.65693431 0.47354015 0.59489051 0.50000000 0.69442129 0.50000000 0.88871952 0.47422445 0.95434446
7 0.16560219 0.18430657 0.20118613 0.22810219 0.16423358 0.36675322 0.15919811 0.21115488
8 0.26961679 0.31204380 0.27957953 0.22308368 0.30041058 0.15875912 0.34453699 0.25172768 0.33456140 0.42505956 0.28877737 0.45981891
3 0.86826498 0.45603059 0.85286380 0.45374385 0.83987055 0.50567111 0.85117185 0.58874744 0.87537903 0.68399100 0.92156372 0.64103233 0.93779670 0.62397325 0.93981704 0.55377495 0.91157181 0.45055613 0.88631936 0.45180927
1 0.79640079 0.47234876 0.82422411 0.44533322 0.84640397 0.60994216 0.88164583 0.72880193 0.80850221 0.78911238 0.79723872 0.64430944 0.77925349 0.47878895
4 0.81888686 0.78832117 0.91332117 0.72080292 0.96943741 1.00000000 0.83736314 1.00000000
5 0.91332117 0.65693431 0.97354015 0.59489051 1.00000000 0.69442129 1.00000000 0.88871952 0.97422445 0.95434446
7 0.66560219 0.18430657 0.70118613 0.22810219 0.66423358 0.36675322 0.65919811 0.21115488
8 0.76961679 0.31204380 0.77957953 0.22308368 0.80041058 0.15875912 0.84453699 0.25172768 0.83456140 0.42505956 0.78877737 0.45981891